accuracy: 0.7644444444444445
specificity: 0.7142857142857143
precision: 0.6146788990825688
recall: 0.8589743589743589
auc: 0.836996336996337
auc_pr: 0.7098274033875763
