accuracy: 0.7466666666666667
specificity: 0.782312925170068
precision: 0.6235294117647059
recall: 0.6794871794871795
auc: 0.8163265306122448
auc_pr: 0.696497811251614
