accuracy: 0.7422222222222222
specificity: 0.7397260273972602
precision: 0.6082474226804123
recall: 0.7468354430379747
auc: 0.8283336223339691
auc_pr: 0.7368618828461776
