accuracy: 0.7466666666666667
specificity: 0.7602739726027398
precision: 0.6195652173913043
recall: 0.7215189873417721
auc: 0.8236518120339864
auc_pr: 0.7289037012941278
