accuracy: 0.7455357142857143
specificity: 0.726027397260274
precision: 0.6039603960396039
recall: 0.782051282051282
auc: 0.8016332982086406
auc_pr: 0.6560329994692335
